1.000000000 0.000000000 0.000000000 0.000000000 0.000000000 1.000000000 0.000000000 0.000000000 0.000000000 0.000000000 1.000000000 0.000000000
0.999610960 0.014522059 0.023812188 0.005936514 -0.014147940 0.999774992 -0.015805157 -0.003234663 -0.024036355 0.015462116 0.999591470 0.007325890
0.999106705 0.016228367 0.039016999 0.016926188 -0.014906013 0.999312520 -0.033947006 -0.009721602 -0.039541081 0.033335093 0.998661816 0.013070991
0.998919964 0.015875684 0.043667089 0.019684333 -0.014396065 0.999318540 -0.033992346 -0.011914423 -0.044176970 0.033326998 0.998467684 0.014745093
0.998066247 0.012842000 0.060818285 0.028805193 -0.010682641 0.999305546 -0.035698101 -0.015479455 -0.061234470 0.034979366 0.997510254 0.018587070
0.997222483 0.007531124 0.074098013 0.034975376 -0.004449395 0.999121547 -0.041667420 -0.016013218 -0.074346729 0.041221991 0.996380210 0.021347569
0.994679034 0.006877941 0.102793567 0.038287435 -0.001294425 0.998524547 -0.054286029 -0.014703033 -0.103015281 0.053864110 0.993220329 0.022692986
0.994679034 0.006877941 0.102793567 0.038287435 -0.001294425 0.998524547 -0.054286029 -0.014703033 -0.103015281 0.053864110 0.993220329 0.022692986
0.994679034 0.006877941 0.102793567 0.038287435 -0.001294425 0.998524547 -0.054286029 -0.014703033 -0.103015281 0.053864110 0.993220329 0.022692986
0.994679034 0.006877941 0.102793567 0.038287435 -0.001294425 0.998524547 -0.054286029 -0.014703033 -0.103015281 0.053864110 0.993220329 0.022692986
0.994679034 0.006877941 0.102793567 0.038287435 -0.001294425 0.998524547 -0.054286029 -0.014703033 -0.103015281 0.053864110 0.993220329 0.022692986
0.994679034 0.006877941 0.102793567 0.038287435 -0.001294425 0.998524547 -0.054286029 -0.014703033 -0.103015281 0.053864110 0.993220329 0.022692986
0.994679034 0.006877941 0.102793567 0.038287435 -0.001294425 0.998524547 -0.054286029 -0.014703033 -0.103015281 0.053864110 0.993220329 0.022692986
0.994679034 0.006877941 0.102793567 0.038287435 -0.001294425 0.998524547 -0.054286029 -0.014703033 -0.103015281 0.053864110 0.993220329 0.022692986
0.994679034 0.006877941 0.102793567 0.038287435 -0.001294425 0.998524547 -0.054286029 -0.014703033 -0.103015281 0.053864110 0.993220329 0.022692986
0.994679034 0.006877941 0.102793567 0.038287435 -0.001294425 0.998524547 -0.054286029 -0.014703033 -0.103015281 0.053864110 0.993220329 0.022692986
0.994679034 0.006877941 0.102793567 0.038287435 -0.001294425 0.998524547 -0.054286029 -0.014703033 -0.103015281 0.053864110 0.993220329 0.022692986
0.994679034 0.006877941 0.102793567 0.038287435 -0.001294425 0.998524547 -0.054286029 -0.014703033 -0.103015281 0.053864110 0.993220329 0.022692986
0.994679034 0.006877941 0.102793567 0.038287435 -0.001294425 0.998524547 -0.054286029 -0.014703033 -0.103015281 0.053864110 0.993220329 0.022692986
0.994679034 0.006877941 0.102793567 0.038287435 -0.001294425 0.998524547 -0.054286029 -0.014703033 -0.103015281 0.053864110 0.993220329 0.022692986
0.994679034 0.006877941 0.102793567 0.038287435 -0.001294425 0.998524547 -0.054286029 -0.014703033 -0.103015281 0.053864110 0.993220329 0.022692986
0.994679034 0.006877941 0.102793567 0.038287435 -0.001294425 0.998524547 -0.054286029 -0.014703033 -0.103015281 0.053864110 0.993220329 0.022692986
0.994679034 0.006877941 0.102793567 0.038287435 -0.001294425 0.998524547 -0.054286029 -0.014703033 -0.103015281 0.053864110 0.993220329 0.022692986
0.994679034 0.006877941 0.102793567 0.038287435 -0.001294425 0.998524547 -0.054286029 -0.014703033 -0.103015281 0.053864110 0.993220329 0.022692986
0.994679034 0.006877941 0.102793567 0.038287435 -0.001294425 0.998524547 -0.054286029 -0.014703033 -0.103015281 0.053864110 0.993220329 0.022692986
0.994679034 0.006877941 0.102793567 0.038287435 -0.001294425 0.998524547 -0.054286029 -0.014703033 -0.103015281 0.053864110 0.993220329 0.022692986
0.994679034 0.006877941 0.102793567 0.038287435 -0.001294425 0.998524547 -0.054286029 -0.014703033 -0.103015281 0.053864110 0.993220329 0.022692986
0.994679034 0.006877941 0.102793567 0.038287435 -0.001294425 0.998524547 -0.054286029 -0.014703033 -0.103015281 0.053864110 0.993220329 0.022692986
0.994679034 0.006877941 0.102793567 0.038287435 -0.001294425 0.998524547 -0.054286029 -0.014703033 -0.103015281 0.053864110 0.993220329 0.022692986
0.994679034 0.006877941 0.102793567 0.038287435 -0.001294425 0.998524547 -0.054286029 -0.014703033 -0.103015281 0.053864110 0.993220329 0.022692986
0.994679034 0.006877941 0.102793567 0.038287435 -0.001294425 0.998524547 -0.054286029 -0.014703033 -0.103015281 0.053864110 0.993220329 0.022692986
0.994679034 0.006877941 0.102793567 0.038287435 -0.001294425 0.998524547 -0.054286029 -0.014703033 -0.103015281 0.053864110 0.993220329 0.022692986
0.994679034 0.006877941 0.102793567 0.038287435 -0.001294425 0.998524547 -0.054286029 -0.014703033 -0.103015281 0.053864110 0.993220329 0.022692986
0.994679034 0.006877941 0.102793567 0.038287435 -0.001294425 0.998524547 -0.054286029 -0.014703033 -0.103015281 0.053864110 0.993220329 0.022692986
0.994679034 0.006877941 0.102793567 0.038287435 -0.001294425 0.998524547 -0.054286029 -0.014703033 -0.103015281 0.053864110 0.993220329 0.022692986
0.994679034 0.006877941 0.102793567 0.038287435 -0.001294425 0.998524547 -0.054286029 -0.014703033 -0.103015281 0.053864110 0.993220329 0.022692986
0.994679034 0.006877941 0.102793567 0.038287435 -0.001294425 0.998524547 -0.054286029 -0.014703033 -0.103015281 0.053864110 0.993220329 0.022692986
0.994679034 0.006877941 0.102793567 0.038287435 -0.001294425 0.998524547 -0.054286029 -0.014703033 -0.103015281 0.053864110 0.993220329 0.022692986
0.994679034 0.006877941 0.102793567 0.038287435 -0.001294425 0.998524547 -0.054286029 -0.014703033 -0.103015281 0.053864110 0.993220329 0.022692986
0.994679034 0.006877941 0.102793567 0.038287435 -0.001294425 0.998524547 -0.054286029 -0.014703033 -0.103015281 0.053864110 0.993220329 0.022692986
0.994679034 0.006877941 0.102793567 0.038287435 -0.001294425 0.998524547 -0.054286029 -0.014703033 -0.103015281 0.053864110 0.993220329 0.022692986
0.994679034 0.006877941 0.102793567 0.038287435 -0.001294425 0.998524547 -0.054286029 -0.014703033 -0.103015281 0.053864110 0.993220329 0.022692986
0.994679034 0.006877941 0.102793567 0.038287435 -0.001294425 0.998524547 -0.054286029 -0.014703033 -0.103015281 0.053864110 0.993220329 0.022692986
0.994679034 0.006877941 0.102793567 0.038287435 -0.001294425 0.998524547 -0.054286029 -0.014703033 -0.103015281 0.053864110 0.993220329 0.022692986
0.994679034 0.006877941 0.102793567 0.038287435 -0.001294425 0.998524547 -0.054286029 -0.014703033 -0.103015281 0.053864110 0.993220329 0.022692986
0.994679034 0.006877941 0.102793567 0.038287435 -0.001294425 0.998524547 -0.054286029 -0.014703033 -0.103015281 0.053864110 0.993220329 0.022692986
0.994679034 0.006877941 0.102793567 0.038287435 -0.001294425 0.998524547 -0.054286029 -0.014703033 -0.103015281 0.053864110 0.993220329 0.022692986
0.994679034 0.006877941 0.102793567 0.038287435 -0.001294425 0.998524547 -0.054286029 -0.014703033 -0.103015281 0.053864110 0.993220329 0.022692986
0.994679034 0.006877941 0.102793567 0.038287435 -0.001294425 0.998524547 -0.054286029 -0.014703033 -0.103015281 0.053864110 0.993220329 0.022692986
0.994679034 0.006877941 0.102793567 0.038287435 -0.001294425 0.998524547 -0.054286029 -0.014703033 -0.103015281 0.053864110 0.993220329 0.022692986
0.994679034 0.006877941 0.102793567 0.038287435 -0.001294425 0.998524547 -0.054286029 -0.014703033 -0.103015281 0.053864110 0.993220329 0.022692986
0.994679034 0.006877941 0.102793567 0.038287435 -0.001294425 0.998524547 -0.054286029 -0.014703033 -0.103015281 0.053864110 0.993220329 0.022692986
0.994679034 0.006877941 0.102793567 0.038287435 -0.001294425 0.998524547 -0.054286029 -0.014703033 -0.103015281 0.053864110 0.993220329 0.022692986
0.994679034 0.006877941 0.102793567 0.038287435 -0.001294425 0.998524547 -0.054286029 -0.014703033 -0.103015281 0.053864110 0.993220329 0.022692986
0.994679034 0.006877941 0.102793567 0.038287435 -0.001294425 0.998524547 -0.054286029 -0.014703033 -0.103015281 0.053864110 0.993220329 0.022692986
0.994679034 0.006877941 0.102793567 0.038287435 -0.001294425 0.998524547 -0.054286029 -0.014703033 -0.103015281 0.053864110 0.993220329 0.022692986
0.994679034 0.006877941 0.102793567 0.038287435 -0.001294425 0.998524547 -0.054286029 -0.014703033 -0.103015281 0.053864110 0.993220329 0.022692986
0.994679034 0.006877941 0.102793567 0.038287435 -0.001294425 0.998524547 -0.054286029 -0.014703033 -0.103015281 0.053864110 0.993220329 0.022692986
0.994679034 0.006877941 0.102793567 0.038287435 -0.001294425 0.998524547 -0.054286029 -0.014703033 -0.103015281 0.053864110 0.993220329 0.022692986
0.994679034 0.006877941 0.102793567 0.038287435 -0.001294425 0.998524547 -0.054286029 -0.014703033 -0.103015281 0.053864110 0.993220329 0.022692986
0.994679034 0.006877941 0.102793567 0.038287435 -0.001294425 0.998524547 -0.054286029 -0.014703033 -0.103015281 0.053864110 0.993220329 0.022692986
0.994679034 0.006877941 0.102793567 0.038287435 -0.001294425 0.998524547 -0.054286029 -0.014703033 -0.103015281 0.053864110 0.993220329 0.022692986
0.994679034 0.006877941 0.102793567 0.038287435 -0.001294425 0.998524547 -0.054286029 -0.014703033 -0.103015281 0.053864110 0.993220329 0.022692986
0.994679034 0.006877941 0.102793567 0.038287435 -0.001294425 0.998524547 -0.054286029 -0.014703033 -0.103015281 0.053864110 0.993220329 0.022692986
0.994679034 0.006877941 0.102793567 0.038287435 -0.001294425 0.998524547 -0.054286029 -0.014703033 -0.103015281 0.053864110 0.993220329 0.022692986
0.994679034 0.006877941 0.102793567 0.038287435 -0.001294425 0.998524547 -0.054286029 -0.014703033 -0.103015281 0.053864110 0.993220329 0.022692986
0.994679034 0.006877941 0.102793567 0.038287435 -0.001294425 0.998524547 -0.054286029 -0.014703033 -0.103015281 0.053864110 0.993220329 0.022692986
0.994679034 0.006877941 0.102793567 0.038287435 -0.001294425 0.998524547 -0.054286029 -0.014703033 -0.103015281 0.053864110 0.993220329 0.022692986
0.994679034 0.006877941 0.102793567 0.038287435 -0.001294425 0.998524547 -0.054286029 -0.014703033 -0.103015281 0.053864110 0.993220329 0.022692986
0.994679034 0.006877941 0.102793567 0.038287435 -0.001294425 0.998524547 -0.054286029 -0.014703033 -0.103015281 0.053864110 0.993220329 0.022692986
0.994679034 0.006877941 0.102793567 0.038287435 -0.001294425 0.998524547 -0.054286029 -0.014703033 -0.103015281 0.053864110 0.993220329 0.022692986
0.994679034 0.006877941 0.102793567 0.038287435 -0.001294425 0.998524547 -0.054286029 -0.014703033 -0.103015281 0.053864110 0.993220329 0.022692986
0.994679034 0.006877941 0.102793567 0.038287435 -0.001294425 0.998524547 -0.054286029 -0.014703033 -0.103015281 0.053864110 0.993220329 0.022692986
0.994679034 0.006877941 0.102793567 0.038287435 -0.001294425 0.998524547 -0.054286029 -0.014703033 -0.103015281 0.053864110 0.993220329 0.022692986
0.994679034 0.006877941 0.102793567 0.038287435 -0.001294425 0.998524547 -0.054286029 -0.014703033 -0.103015281 0.053864110 0.993220329 0.022692986
0.994679034 0.006877941 0.102793567 0.038287435 -0.001294425 0.998524547 -0.054286029 -0.014703033 -0.103015281 0.053864110 0.993220329 0.022692986
0.994679034 0.006877941 0.102793567 0.038287435 -0.001294425 0.998524547 -0.054286029 -0.014703033 -0.103015281 0.053864110 0.993220329 0.022692986
0.994174123 0.040346690 0.099950068 0.066670805 -0.034521405 0.997640610 -0.059341826 -0.014493164 -0.102108493 0.055545688 0.993221283 0.016308036
0.996685743 0.032320675 0.074651681 0.062638879 -0.028079210 0.997968733 -0.057183895 -0.014949557 -0.076348245 0.054898206 0.995568752 0.016591756
0.997357786 0.031981006 0.065226689 0.059428956 -0.028337970 0.998026729 -0.056032330 -0.014510790 -0.066889942 0.054035883 0.996296048 0.016870305
0.998356223 0.034610655 0.045683023 0.053071860 -0.032484811 0.998390675 -0.046484262 -0.013355614 -0.047218353 0.044923846 0.997873902 0.015700025
0.998812556 0.036072016 0.032743711 0.049272154 -0.034722082 0.998559773 -0.040899813 -0.013563585 -0.034171894 0.039714325 0.998626590 0.013542035
0.999274492 0.035416771 -0.014013279 0.038175043 -0.035763767 0.999038994 -0.025338504 -0.014896633 0.013102410 0.025821285 0.999580741 0.008836116
0.998123884 0.041549802 -0.044969693 0.032167152 -0.041848414 0.999107599 -0.005718948 -0.027447943 0.044691946 0.007590128 0.998971999 -0.022093030
0.998123884 0.041549802 -0.044969693 0.032167152 -0.041848414 0.999107599 -0.005718948 -0.027447943 0.044691946 0.007590128 0.998971999 -0.022093030
0.998123884 0.041549802 -0.044969693 0.032167152 -0.041848414 0.999107599 -0.005718948 -0.027447943 0.044691946 0.007590128 0.998971999 -0.022093030
0.998123884 0.041549802 -0.044969693 0.032167152 -0.041848414 0.999107599 -0.005718948 -0.027447943 0.044691946 0.007590128 0.998971999 -0.022093030
0.998123884 0.041549802 -0.044969693 0.032167152 -0.041848414 0.999107599 -0.005718948 -0.027447943 0.044691946 0.007590128 0.998971999 -0.022093030
0.998123884 0.041549802 -0.044969693 0.032167152 -0.041848414 0.999107599 -0.005718948 -0.027447943 0.044691946 0.007590128 0.998971999 -0.022093030
0.998123884 0.041549802 -0.044969693 0.032167152 -0.041848414 0.999107599 -0.005718948 -0.027447943 0.044691946 0.007590128 0.998971999 -0.022093030
0.998123884 0.041549802 -0.044969693 0.032167152 -0.041848414 0.999107599 -0.005718948 -0.027447943 0.044691946 0.007590128 0.998971999 -0.022093030
0.998123884 0.041549802 -0.044969693 0.032167152 -0.041848414 0.999107599 -0.005718948 -0.027447943 0.044691946 0.007590128 0.998971999 -0.022093030
0.998123884 0.041549802 -0.044969693 0.032167152 -0.041848414 0.999107599 -0.005718948 -0.027447943 0.044691946 0.007590128 0.998971999 -0.022093030
0.998123884 0.041549802 -0.044969693 0.032167152 -0.041848414 0.999107599 -0.005718948 -0.027447943 0.044691946 0.007590128 0.998971999 -0.022093030
0.998123884 0.041549802 -0.044969693 0.032167152 -0.041848414 0.999107599 -0.005718948 -0.027447943 0.044691946 0.007590128 0.998971999 -0.022093030
0.998123884 0.041549802 -0.044969693 0.032167152 -0.041848414 0.999107599 -0.005718948 -0.027447943 0.044691946 0.007590128 0.998971999 -0.022093030
0.920018196 0.004336196 -0.391851515 -0.002039678 0.039188284 0.993908226 0.103007682 -0.079188675 0.389911145 -0.110124946 0.914243937 -0.173120528
0.920018196 0.004336196 -0.391851515 -0.002039678 0.039188284 0.993908226 0.103007682 -0.079188675 0.389911145 -0.110124946 0.914243937 -0.173120528
0.920018196 0.004336196 -0.391851515 -0.002039678 0.039188284 0.993908226 0.103007682 -0.079188675 0.389911145 -0.110124946 0.914243937 -0.173120528
0.920018196 0.004336196 -0.391851515 -0.002039678 0.039188284 0.993908226 0.103007682 -0.079188675 0.389911145 -0.110124946 0.914243937 -0.173120528
0.920018196 0.004336196 -0.391851515 -0.002039678 0.039188284 0.993908226 0.103007682 -0.079188675 0.389911145 -0.110124946 0.914243937 -0.173120528
0.920018196 0.004336196 -0.391851515 -0.002039678 0.039188284 0.993908226 0.103007682 -0.079188675 0.389911145 -0.110124946 0.914243937 -0.173120528
0.920018196 0.004336196 -0.391851515 -0.002039678 0.039188284 0.993908226 0.103007682 -0.079188675 0.389911145 -0.110124946 0.914243937 -0.173120528
0.920018196 0.004336196 -0.391851515 -0.002039678 0.039188284 0.993908226 0.103007682 -0.079188675 0.389911145 -0.110124946 0.914243937 -0.173120528
0.920018196 0.004336196 -0.391851515 -0.002039678 0.039188284 0.993908226 0.103007682 -0.079188675 0.389911145 -0.110124946 0.914243937 -0.173120528
0.920018196 0.004336196 -0.391851515 -0.002039678 0.039188284 0.993908226 0.103007682 -0.079188675 0.389911145 -0.110124946 0.914243937 -0.173120528
0.920018196 0.004336196 -0.391851515 -0.002039678 0.039188284 0.993908226 0.103007682 -0.079188675 0.389911145 -0.110124946 0.914243937 -0.173120528
0.920018196 0.004336196 -0.391851515 -0.002039678 0.039188284 0.993908226 0.103007682 -0.079188675 0.389911145 -0.110124946 0.914243937 -0.173120528
0.920018196 0.004336196 -0.391851515 -0.002039678 0.039188284 0.993908226 0.103007682 -0.079188675 0.389911145 -0.110124946 0.914243937 -0.173120528
0.920018196 0.004336196 -0.391851515 -0.002039678 0.039188284 0.993908226 0.103007682 -0.079188675 0.389911145 -0.110124946 0.914243937 -0.173120528
0.920018196 0.004336196 -0.391851515 -0.002039678 0.039188284 0.993908226 0.103007682 -0.079188675 0.389911145 -0.110124946 0.914243937 -0.173120528
0.920018196 0.004336196 -0.391851515 -0.002039678 0.039188284 0.993908226 0.103007682 -0.079188675 0.389911145 -0.110124946 0.914243937 -0.173120528
0.920018196 0.004336196 -0.391851515 -0.002039678 0.039188284 0.993908226 0.103007682 -0.079188675 0.389911145 -0.110124946 0.914243937 -0.173120528
0.920018196 0.004336196 -0.391851515 -0.002039678 0.039188284 0.993908226 0.103007682 -0.079188675 0.389911145 -0.110124946 0.914243937 -0.173120528
0.920018196 0.004336196 -0.391851515 -0.002039678 0.039188284 0.993908226 0.103007682 -0.079188675 0.389911145 -0.110124946 0.914243937 -0.173120528
0.920018196 0.004336196 -0.391851515 -0.002039678 0.039188284 0.993908226 0.103007682 -0.079188675 0.389911145 -0.110124946 0.914243937 -0.173120528
0.920018196 0.004336196 -0.391851515 -0.002039678 0.039188284 0.993908226 0.103007682 -0.079188675 0.389911145 -0.110124946 0.914243937 -0.173120528
0.920018196 0.004336196 -0.391851515 -0.002039678 0.039188284 0.993908226 0.103007682 -0.079188675 0.389911145 -0.110124946 0.914243937 -0.173120528
0.920018196 0.004336196 -0.391851515 -0.002039678 0.039188284 0.993908226 0.103007682 -0.079188675 0.389911145 -0.110124946 0.914243937 -0.173120528
0.920018196 0.004336196 -0.391851515 -0.002039678 0.039188284 0.993908226 0.103007682 -0.079188675 0.389911145 -0.110124946 0.914243937 -0.173120528
0.920018196 0.004336196 -0.391851515 -0.002039678 0.039188284 0.993908226 0.103007682 -0.079188675 0.389911145 -0.110124946 0.914243937 -0.173120528
0.920018196 0.004336196 -0.391851515 -0.002039678 0.039188284 0.993908226 0.103007682 -0.079188675 0.389911145 -0.110124946 0.914243937 -0.173120528
0.920018196 0.004336196 -0.391851515 -0.002039678 0.039188284 0.993908226 0.103007682 -0.079188675 0.389911145 -0.110124946 0.914243937 -0.173120528
0.920018196 0.004336196 -0.391851515 -0.002039678 0.039188284 0.993908226 0.103007682 -0.079188675 0.389911145 -0.110124946 0.914243937 -0.173120528
0.920018196 0.004336196 -0.391851515 -0.002039678 0.039188284 0.993908226 0.103007682 -0.079188675 0.389911145 -0.110124946 0.914243937 -0.173120528
0.920018196 0.004336196 -0.391851515 -0.002039678 0.039188284 0.993908226 0.103007682 -0.079188675 0.389911145 -0.110124946 0.914243937 -0.173120528
0.920018196 0.004336196 -0.391851515 -0.002039678 0.039188284 0.993908226 0.103007682 -0.079188675 0.389911145 -0.110124946 0.914243937 -0.173120528
0.920018196 0.004336196 -0.391851515 -0.002039678 0.039188284 0.993908226 0.103007682 -0.079188675 0.389911145 -0.110124946 0.914243937 -0.173120528
0.920018196 0.004336196 -0.391851515 -0.002039678 0.039188284 0.993908226 0.103007682 -0.079188675 0.389911145 -0.110124946 0.914243937 -0.173120528
0.920018196 0.004336196 -0.391851515 -0.002039678 0.039188284 0.993908226 0.103007682 -0.079188675 0.389911145 -0.110124946 0.914243937 -0.173120528
0.920018196 0.004336196 -0.391851515 -0.002039678 0.039188284 0.993908226 0.103007682 -0.079188675 0.389911145 -0.110124946 0.914243937 -0.173120528
0.920018196 0.004336196 -0.391851515 -0.002039678 0.039188284 0.993908226 0.103007682 -0.079188675 0.389911145 -0.110124946 0.914243937 -0.173120528
0.920018196 0.004336196 -0.391851515 -0.002039678 0.039188284 0.993908226 0.103007682 -0.079188675 0.389911145 -0.110124946 0.914243937 -0.173120528
0.920018196 0.004336196 -0.391851515 -0.002039678 0.039188284 0.993908226 0.103007682 -0.079188675 0.389911145 -0.110124946 0.914243937 -0.173120528
0.920018196 0.004336196 -0.391851515 -0.002039678 0.039188284 0.993908226 0.103007682 -0.079188675 0.389911145 -0.110124946 0.914243937 -0.173120528
0.920018196 0.004336196 -0.391851515 -0.002039678 0.039188284 0.993908226 0.103007682 -0.079188675 0.389911145 -0.110124946 0.914243937 -0.173120528
0.995736957 0.037975881 -0.084058486 0.032521568 -0.032791629 0.997523665 0.062218726 0.018125171 0.086213149 -0.059197076 0.994516492 0.026515771
0.995736957 0.037975881 -0.084058486 0.032521568 -0.032791629 0.997523665 0.062218726 0.018125171 0.086213149 -0.059197076 0.994516492 0.026515771
0.994435966 0.008207358 -0.105021611 0.054695483 -0.000805415 0.997523487 0.070329383 0.005538974 0.105338760 -0.069853507 0.991980076 0.022064252
0.997299850 0.047675125 -0.055856559 0.030290822 -0.044302285 0.997206271 0.060141101 0.009755768 0.058567755 -0.057504151 0.996625960 0.016935894
0.997299850 0.047675125 -0.055856559 0.030290822 -0.044302285 0.997206271 0.060141101 0.009755768 0.058567755 -0.057504151 0.996625960 0.016935894
0.997299850 0.047675125 -0.055856559 0.030290822 -0.044302285 0.997206271 0.060141101 0.009755768 0.058567755 -0.057504151 0.996625960 0.016935894
0.997299850 0.047675125 -0.055856559 0.030290822 -0.044302285 0.997206271 0.060141101 0.009755768 0.058567755 -0.057504151 0.996625960 0.016935894
0.997299850 0.047675125 -0.055856559 0.030290822 -0.044302285 0.997206271 0.060141101 0.009755768 0.058567755 -0.057504151 0.996625960 0.016935894
0.997299850 0.047675125 -0.055856559 0.030290822 -0.044302285 0.997206271 0.060141101 0.009755768 0.058567755 -0.057504151 0.996625960 0.016935894
0.999992013 -0.000719178 -0.003937122 0.059722099 0.000871428 0.999246359 0.038806364 0.006747317 0.003906251 -0.038809493 0.999239028 0.016823232
0.999992013 -0.000719178 -0.003937122 0.059722099 0.000871428 0.999246359 0.038806364 0.006747317 0.003906251 -0.038809493 0.999239028 0.016823232
0.999992013 -0.000719178 -0.003937122 0.059722099 0.000871428 0.999246359 0.038806364 0.006747317 0.003906251 -0.038809493 0.999239028 0.016823232
0.999992013 -0.000719178 -0.003937122 0.059722099 0.000871428 0.999246359 0.038806364 0.006747317 0.003906251 -0.038809493 0.999239028 0.016823232
0.999332309 0.021456560 0.029572392 0.076882169 -0.021739798 0.999720514 0.009289739 0.003319603 -0.029364802 -0.009926434 0.999519467 0.018314704
0.999144256 0.017128771 0.037648574 0.078484587 -0.017095719 0.999853194 -0.001199757 -0.002929264 -0.037663601 0.000555101 0.999290347 0.016336344
0.999170959 0.008034125 0.039910905 0.078656480 -0.007218010 0.999762893 -0.020550627 -0.008121016 -0.040066548 0.020245513 0.998991966 0.014616381
0.999125063 0.002499474 0.041750196 0.078394160 -0.001389679 0.999645412 -0.026589723 -0.009972749 -0.041801859 0.026508434 0.998774230 0.015292117
0.999020636 -0.013595697 0.042106796 0.079483464 0.015018544 0.999320388 -0.033661511 -0.014806434 -0.041620534 0.034260921 0.998545945 0.013419637
0.998557389 -0.027067317 0.046374504 0.080706052 0.028775193 0.998916924 -0.036564961 -0.015453679 -0.045334563 0.037846651 0.998254716 0.013661430
0.998294652 -0.032311473 0.048617136 0.081953429 0.034144301 0.998718560 -0.037353240 -0.015955808 -0.047347900 0.038949534 0.998118818 0.011706680
0.997858882 -0.036805343 0.054063566 0.084329367 0.038876180 0.998530269 -0.037764899 -0.016745634 -0.052594140 0.039785832 0.997823119 0.009743961
0.997508168 -0.039022636 0.058774441 0.085567273 0.041388154 0.998358786 -0.039582405 -0.016825747 -0.057133369 0.041916352 0.997486234 0.009730997
0.997410715 -0.038253486 0.060898390 0.085673757 0.040766511 0.998344600 -0.040572327 -0.016826333 -0.059245557 0.042949889 0.997319043 0.009646460
0.997448981 -0.036004625 0.061636645 0.086481020 0.038575638 0.998412371 -0.041043222 -0.016136548 -0.060061049 0.043316193 0.997254431 0.010608186
0.997477055 -0.035963487 0.061206356 0.086196244 0.038572364 0.998373151 -0.041990150 -0.016685676 -0.059596673 0.044245079 0.997241557 0.011052262
0.997649014 -0.033241272 0.059927583 0.086338468 0.035670102 0.998565674 -0.039925624 -0.015930247 -0.058514457 0.041969389 0.997403979 0.010849250
0.997710884 -0.032009110 0.059568711 0.085709967 0.034414213 0.998614907 -0.039797083 -0.015516570 -0.058212336 0.041755985 0.997430623 0.010665717
0.997819722 -0.032080799 0.057676762 0.085592188 0.034334522 0.998667836 -0.038518153 -0.015547729 -0.056364238 0.040414475 0.997591972 0.010993121
0.997875452 -0.032106522 0.056690123 0.084606037 0.034375750 0.998627365 -0.039517712 -0.015726738 -0.055343531 0.041382529 0.997609437 0.010858119
0.997925162 -0.031940717 0.055901747 0.084266357 0.034130141 0.998669386 -0.038659167 -0.016297134 -0.054592561 0.040486895 0.997687578 0.009880997
0.997953117 -0.032223068 0.055236980 0.083895177 0.034401532 0.998648643 -0.038952034 -0.015751960 -0.053907182 0.040772546 0.997713149 0.010412863
0.998015702 -0.033210177 0.053495876 0.084308676 0.035261821 0.998660207 -0.037875257 -0.016237760 -0.052166358 0.039686460 0.997849524 0.010075766
0.998019576 -0.033742014 0.053087343 0.084551290 0.035787772 0.998634100 -0.038068820 -0.016210167 -0.051730309 0.039893311 0.997863948 0.010488223
0.998002112 -0.032476518 0.054195702 0.084264614 0.034596026 0.998654068 -0.038639385 -0.016329821 -0.052867886 0.040437143 0.997782528 0.010618109
0.997992218 -0.031231955 0.055101603 0.084212199 0.033445928 0.998650670 -0.039725885 -0.015882766 -0.053786542 0.041489050 0.997690201 0.011254491
0.997929931 -0.033086348 0.055146355 0.084337808 0.035302162 0.998587728 -0.039702743 -0.016513860 -0.053754859 0.041567340 0.997688591 0.010367215
0.997874737 -0.037068650 0.053591337 0.084692381 0.039231025 0.998434186 -0.039876640 -0.016666858 -0.052029256 0.041894332 0.997766376 0.011096273
0.997800350 -0.037528161 0.054645278 0.084451854 0.039703727 0.998438895 -0.039286453 -0.016585499 -0.053085629 0.041369654 0.997732639 0.010295175
0.997749567 -0.036806483 0.056045264 0.084616303 0.039059125 0.998450160 -0.039642714 -0.016494516 -0.054499298 0.041742578 0.997640908 0.010753697
0.997811854 -0.035471510 0.055795595 0.084964976 0.037669007 0.998535216 -0.038838711 -0.016336266 -0.054336194 0.040855493 0.997686565 0.010979934
0.997857809 -0.032692302 0.056664698 0.084358960 0.034971084 0.998599470 -0.039701205 -0.016066683 -0.055287417 0.041597787 0.997603655 0.010843378
0.998093367 -0.030237544 0.053807851 0.083398364 0.032401439 0.998681843 -0.039807767 -0.016130446 -0.052533235 0.041475318 0.997757554 0.011781391
0.998148918 -0.029416941 0.053230695 0.082468830 0.031603150 0.998671293 -0.040705714 -0.015836488 -0.051962525 0.042312622 0.997752249 0.012277662
0.998220384 -0.028441099 0.052413266 0.082253918 0.030586803 0.998707116 -0.040601183 -0.015947277 -0.051190764 0.042132080 0.997799814 0.012207584
0.998268962 -0.031042520 0.049954057 0.081356034 0.033130426 0.998588026 -0.041526053 -0.016261185 -0.048594445 0.043109171 0.997887909 0.012997947
0.998260319 -0.036434744 0.046354447 0.079988457 0.038483713 0.998285353 -0.044105586 -0.017107401 -0.044667993 0.045812752 0.997950971 0.012613356
0.998227119 -0.037997037 0.045811791 0.079213098 0.040026139 0.998219550 -0.044219941 -0.017907545 -0.044050008 0.045975212 0.997970879 0.012225993
0.998191893 -0.039847236 0.045002293 0.079101525 0.041894063 0.998085737 -0.045494378 -0.018437678 -0.043103326 0.047297440 0.997950494 0.012428629
0.998152912 -0.039900251 0.045813560 0.078603074 0.041970395 0.998098195 -0.045150381 -0.018685294 -0.043924928 0.046989795 0.997929156 0.012452343
0.998186767 -0.041436385 0.043660227 0.077438325 0.043478258 0.997952819 -0.046904776 -0.018664677 -0.041627280 0.048718009 0.997944713 0.011519819
0.998218358 -0.042120278 0.042262707 0.076367497 0.044133175 0.997877479 -0.047883011 -0.018380284 -0.040156160 0.049662888 0.997958422 0.011503683
0.998333871 -0.044952046 0.036176208 0.074812070 0.046720438 0.997674763 -0.049620431 -0.018972045 -0.033861551 0.051227935 0.998112798 0.011545174
0.998423815 -0.046377428 0.031606868 0.072976679 0.047908921 0.997621775 -0.049555462 -0.019542143 -0.029233441 0.050991610 0.998271167 0.011093002
0.998647392 -0.049226422 0.016737791 0.066807523 0.049997453 0.997532725 -0.049281783 -0.019957446 -0.014270526 0.050051965 0.998644650 0.009981857
0.998788655 -0.048800997 0.006296365 0.064419240 0.049046457 0.997656167 -0.047714520 -0.020872792 -0.003953090 0.047965538 0.998841166 0.009707622
0.998886824 -0.046408918 -0.008444802 0.059038263 0.045978043 0.997902930 -0.045559350 -0.021254608 0.010541454 0.045120355 0.998926044 0.007950493
0.998905182 -0.044682495 -0.013857561 0.056705486 0.044024248 0.998032808 -0.044636566 -0.021372139 0.015824774 0.043977633 0.998907089 0.006993291
0.998665035 -0.045724481 -0.024024770 0.055164307 0.044658620 0.998069048 -0.043171793 -0.023063006 0.025952384 0.042041242 0.998778880 0.003199580
0.998158038 -0.051333990 -0.032332461 0.053347889 0.049848709 0.997734368 -0.045180451 -0.023284767 0.034578510 0.043485507 0.998455465 0.001905196
0.997385442 -0.056776103 -0.044707503 0.050530247 0.054653332 0.997381926 -0.047352500 -0.025251854 0.047278952 0.044785284 0.997877181 -0.000047769
0.996653557 -0.060262673 -0.055227458 0.049834892 0.057534244 0.997104168 -0.049730003 -0.025600025 0.058064386 0.046386115 0.997234583 -0.001086147
0.995776772 -0.061343990 -0.068304993 0.041435540 0.058025479 0.997084498 -0.049553107 -0.027338266 0.071145631 0.045380391 0.996433020 -0.005132482
0.994402707 -0.062178191 -0.085423306 0.035792157 0.057586703 0.996813118 -0.055203367 -0.027166270 0.088583522 0.049975134 0.994814217 -0.002768174
0.993526161 -0.058909833 -0.097136021 0.032066252 0.053797934 0.997067094 -0.054432988 -0.026442533 0.100057766 0.048854884 0.993781447 -0.005072219
0.992886007 -0.058213770 -0.103868030 0.031240802 0.052888650 0.997176528 -0.053308014 -0.026821688 0.106678024 0.047435347 0.993161440 -0.005783694
0.992067695 -0.049270801 -0.115646243 0.029260444 0.043682862 0.997774959 -0.050367586 -0.024889436 0.117870569 0.044916298 0.992012620 -0.006361304
0.991623521 -0.046143644 -0.120637663 0.029001148 0.040268503 0.997902095 -0.050694332 -0.025019916 0.122723795 0.045411792 0.991401315 -0.006873453
0.990810513 -0.043950241 -0.127917483 0.028179791 0.037530188 0.997932434 -0.052174825 -0.024993988 0.129946128 0.046894591 0.990411401 -0.008442952
0.990447402 -0.042700943 -0.131112978 0.021941096 0.035836563 0.997882664 -0.054276116 -0.025965976 0.133153006 0.049058996 0.989880562 -0.012041514
0.989985943 -0.042523123 -0.134608865 0.020129057 0.035474703 0.997892380 -0.054335456 -0.025479529 0.136635661 0.049016129 0.989407957 -0.012437182
0.988576770 -0.041533127 -0.144882679 0.016064443 0.033472624 0.997776210 -0.057636376 -0.025170889 0.146954298 0.052128378 0.987768710 -0.014192526
0.987375617 -0.038849663 -0.153558269 0.014305603 0.030554524 0.997962236 -0.056015916 -0.024814639 0.155421555 0.050616842 0.986550570 -0.013988721
0.984852672 -0.035556369 -0.169708103 0.011577431 0.026602678 0.998145819 -0.054745324 -0.024216251 0.171340004 0.049401402 0.983972609 -0.015319800
0.981599271 -0.033538517 -0.187984243 0.009702979 0.024060363 0.998332322 -0.052477516 -0.024267126 0.189430714 0.046988923 0.980769217 -0.017910613
0.979686618 -0.034883324 -0.197477371 0.007567918 0.024735456 0.998254776 -0.053623643 -0.024936695 0.199003309 0.047649659 0.978839695 -0.020417970
0.978135407 -0.037952278 -0.204476669 0.000502579 0.026943045 0.998046935 -0.056359518 -0.025175245 0.206216276 0.049618021 0.977247536 -0.023467176
0.978310883 -0.038313828 -0.203567848 -0.002862781 0.026170457 0.997732103 -0.062014177 -0.027912809 0.205482155 0.055341676 0.977094829 -0.025796222
0.978269577 -0.036460686 -0.204106003 -0.005667376 0.023902684 0.997685432 -0.063658230 -0.027646231 0.205954611 0.057396222 0.976876855 -0.027610511
0.976459980 -0.036755107 -0.212544113 -0.009182918 0.024204573 0.997822702 -0.061353285 -0.026982769 0.214336380 0.054764491 0.975223362 -0.029414678
0.975196421 -0.034527238 -0.218631461 -0.012653876 0.022092752 0.998009443 -0.059066255 -0.026289692 0.220235661 0.052771036 0.974018157 -0.034284987
0.971383393 -0.031662673 -0.235396996 -0.014797868 0.019282071 0.998315930 -0.054712135 -0.026388880 0.236732930 0.048607521 0.970358014 -0.034746408
0.970660806 -0.027471118 -0.238878414 -0.017231755 0.014934715 0.998422027 -0.054133095 -0.025393281 0.239988536 0.048977293 0.969539464 -0.035583299
0.967240334 -0.021956909 -0.252911001 -0.020311624 0.008349992 0.998465121 -0.054749534 -0.024903245 0.253724992 0.050844152 0.965939105 -0.036939934
0.962221682 -0.019025519 -0.271601707 -0.022741787 0.003927048 0.998421609 -0.056026123 -0.025184309 0.272239029 0.052842963 0.960777700 -0.041064605
0.957932830 -0.023780460 -0.286005557 -0.025617559 0.006676073 0.998137891 -0.060631499 -0.026733881 0.286914825 0.056171507 0.956307828 -0.048361670
0.955436766 -0.026318530 -0.294020385 -0.026534390 0.008358247 0.998030186 -0.062175676 -0.028014520 0.295077562 0.056947429 0.953774691 -0.052879538
0.951012313 -0.027705217 -0.307909101 -0.029323976 0.009296602 0.998088777 -0.061092976 -0.028881771 0.309013218 0.055237662 0.949452281 -0.054813962
0.946661890 -0.029805182 -0.320847183 -0.034022793 0.010022375 0.997954726 -0.063134164 -0.028277144 0.322072744 0.056551054 0.945024431 -0.053681564
0.945287824 -0.029602403 -0.324891597 -0.037658963 0.010125210 0.998057067 -0.061477896 -0.030273777 0.326080203 0.054824710 0.943750918 -0.055740267
0.940708101 -0.030668419 -0.337827891 -0.040901288 0.010733732 0.998097122 -0.060719527 -0.030262586 0.339047223 0.053493194 0.939247251 -0.056353673
0.939257205 -0.029123822 -0.341976225 -0.043500017 0.008894973 0.998124123 -0.060573012 -0.030161921 0.343098789 0.053851768 0.937754333 -0.058475941
0.933603704 -0.025397178 -0.357406139 -0.046541639 0.005243605 0.998346388 -0.057245042 -0.029206146 0.358269006 0.051570091 0.932193041 -0.060281225
0.929259777 -0.025238205 -0.368563741 -0.045814637 0.003503876 0.998220921 -0.059521034 -0.029217493 0.369410306 0.054019094 0.927694976 -0.062696874
0.926889300 -0.029033309 -0.374210566 -0.047368247 0.006893435 0.998152435 -0.060367659 -0.030228838 0.375271887 0.053374533 0.925376773 -0.064108342
0.919445932 -0.038856648 -0.391292185 -0.050641749 0.013527418 0.997642219 -0.067282990 -0.031080931 0.392984033 0.056569889 0.917803586 -0.065482952
0.913933277 -0.047396749 -0.403087497 -0.058979906 0.020279665 0.997250080 -0.071280174 -0.034961309 0.405357450 0.056970857 0.912381291 -0.071189672
0.904700220 -0.049612153 -0.423150301 -0.067835450 0.018594176 0.996848345 -0.077120684 -0.037480306 0.425642759 0.061902978 0.902771413 -0.074375644
0.899648964 -0.047873888 -0.433981210 -0.070996374 0.014829614 0.996747434 -0.079212472 -0.038361024 0.436361909 0.064827651 0.897432804 -0.079474211
0.890792429 -0.049429867 -0.451713830 -0.074534163 0.013487470 0.996504307 -0.082447164 -0.037807699 0.454210043 0.067350850 0.888345122 -0.081848696
0.880743563 -0.060133159 -0.469760358 -0.077535599 0.022095770 0.996043622 -0.086074837 -0.039009411 0.473077685 0.065430157 0.878587723 -0.086833328
0.873996794 -0.069901347 -0.480877757 -0.078572758 0.032440808 0.995785058 -0.085788041 -0.040286049 0.484847635 0.059378404 0.872580588 -0.091272704
0.842037261 -0.125181660 -0.524693012 -0.046959810 0.078468442 0.990778863 -0.110453114 -0.033326432 0.533681512 0.051833801 0.844095588 -0.101358481
0.842037261 -0.125181660 -0.524693012 -0.046959810 0.078468442 0.990778863 -0.110453114 -0.033326432 0.533681512 0.051833801 0.844095588 -0.101358481
0.842037261 -0.125181660 -0.524693012 -0.046959810 0.078468442 0.990778863 -0.110453114 -0.033326432 0.533681512 0.051833801 0.844095588 -0.101358481
0.834298849 -0.091440991 -0.543676436 -0.074736461 0.064406730 0.995562434 -0.068608388 -0.047718000 0.547537386 0.022223476 0.836486042 -0.156099439
0.834298849 -0.091440991 -0.543676436 -0.074736461 0.064406730 0.995562434 -0.068608388 -0.047718000 0.547537386 0.022223476 0.836486042 -0.156099439
0.834298849 -0.091440991 -0.543676436 -0.074736461 0.064406730 0.995562434 -0.068608388 -0.047718000 0.547537386 0.022223476 0.836486042 -0.156099439
0.834298849 -0.091440991 -0.543676436 -0.074736461 0.064406730 0.995562434 -0.068608388 -0.047718000 0.547537386 0.022223476 0.836486042 -0.156099439
0.834298849 -0.091440991 -0.543676436 -0.074736461 0.064406730 0.995562434 -0.068608388 -0.047718000 0.547537386 0.022223476 0.836486042 -0.156099439
0.834298849 -0.091440991 -0.543676436 -0.074736461 0.064406730 0.995562434 -0.068608388 -0.047718000 0.547537386 0.022223476 0.836486042 -0.156099439
0.769748569 -0.094593331 -0.631299734 -0.049339853 0.074342877 0.995514095 -0.058520023 -0.015670113 0.634003520 -0.001886945 0.773327887 -0.189004824
0.769748569 -0.094593331 -0.631299734 -0.049339853 0.074342877 0.995514095 -0.058520023 -0.015670113 0.634003520 -0.001886945 0.773327887 -0.189004824
0.769748569 -0.094593331 -0.631299734 -0.049339853 0.074342877 0.995514095 -0.058520023 -0.015670113 0.634003520 -0.001886945 0.773327887 -0.189004824
0.769748569 -0.094593331 -0.631299734 -0.049339853 0.074342877 0.995514095 -0.058520023 -0.015670113 0.634003520 -0.001886945 0.773327887 -0.189004824
0.769748569 -0.094593331 -0.631299734 -0.049339853 0.074342877 0.995514095 -0.058520023 -0.015670113 0.634003520 -0.001886945 0.773327887 -0.189004824
0.794702232 -0.098061249 -0.599026263 -0.048816264 0.039483111 0.993125379 -0.110195167 0.123835959 0.605714023 0.063920930 0.793110728 -0.310524344
0.794702232 -0.098061249 -0.599026263 -0.048816264 0.039483111 0.993125379 -0.110195167 0.123835959 0.605714023 0.063920930 0.793110728 -0.310524344
0.794702232 -0.098061249 -0.599026263 -0.048816264 0.039483111 0.993125379 -0.110195167 0.123835959 0.605714023 0.063920930 0.793110728 -0.310524344
0.794702232 -0.098061249 -0.599026263 -0.048816264 0.039483111 0.993125379 -0.110195167 0.123835959 0.605714023 0.063920930 0.793110728 -0.310524344
0.794702232 -0.098061249 -0.599026263 -0.048816264 0.039483111 0.993125379 -0.110195167 0.123835959 0.605714023 0.063920930 0.793110728 -0.310524344
0.794702232 -0.098061249 -0.599026263 -0.048816264 0.039483111 0.993125379 -0.110195167 0.123835959 0.605714023 0.063920930 0.793110728 -0.310524344
0.794702232 -0.098061249 -0.599026263 -0.048816264 0.039483111 0.993125379 -0.110195167 0.123835959 0.605714023 0.063920930 0.793110728 -0.310524344
0.794702232 -0.098061249 -0.599026263 -0.048816264 0.039483111 0.993125379 -0.110195167 0.123835959 0.605714023 0.063920930 0.793110728 -0.310524344
0.795144439 -0.115388989 -0.595340848 -0.062771872 0.072711088 0.992788613 -0.095308520 -0.030188341 0.602045178 0.032496151 0.797800422 -0.160630137
0.795144439 -0.115388989 -0.595340848 -0.062771872 0.072711088 0.992788613 -0.095308520 -0.030188341 0.602045178 0.032496151 0.797800422 -0.160630137
0.795144439 -0.115388989 -0.595340848 -0.062771872 0.072711088 0.992788613 -0.095308520 -0.030188341 0.602045178 0.032496151 0.797800422 -0.160630137
0.795144439 -0.115388989 -0.595340848 -0.062771872 0.072711088 0.992788613 -0.095308520 -0.030188341 0.602045178 0.032496151 0.797800422 -0.160630137
0.801222801 -0.048654996 -0.596384823 -0.076832995 0.018872682 0.998247623 -0.056085445 -0.032667108 0.598068595 0.033681542 0.800736964 -0.125018567
0.801222801 -0.048654996 -0.596384823 -0.076832995 0.018872682 0.998247623 -0.056085445 -0.032667108 0.598068595 0.033681542 0.800736964 -0.125018567
0.801222801 -0.048654996 -0.596384823 -0.076832995 0.018872682 0.998247623 -0.056085445 -0.032667108 0.598068595 0.033681542 0.800736964 -0.125018567
0.801222801 -0.048654996 -0.596384823 -0.076832995 0.018872682 0.998247623 -0.056085445 -0.032667108 0.598068595 0.033681542 0.800736964 -0.125018567
0.801222801 -0.048654996 -0.596384823 -0.076832995 0.018872682 0.998247623 -0.056085445 -0.032667108 0.598068595 0.033681542 0.800736964 -0.125018567
0.801222801 -0.048654996 -0.596384823 -0.076832995 0.018872682 0.998247623 -0.056085445 -0.032667108 0.598068595 0.033681542 0.800736964 -0.125018567
